0,0.043183551
1,0.0547314262
1,0.0607715049
2,0.0722002936
3,0.0
4,0.0408443363
5,0.0
6,0.0
7,0.06888469
8,0.0
7,0.0192140741
4,0.0019063463
7,0.0
7,0.1329214582
9,0.1055473882
10,0.1248089718
2,0.0
11,0.0440546857
12,0.0233071079
13,0.0117008222
14,0.0411820233
15,5.06456475975e-06
16,0.0258336515
17,0.0353464346
18,0.0
4,0.0
15,0.003786059
19,0.0211553024
3,0.0229338675
20,0.0080106192
21,0.0081551658
8,0.1754881419
22,0.0
4,0.0107058423
23,0.0841127117
10,0.0
23,0.0157179008
11,7.48011142525e-05
11,0.0283958717
24,0.0
25,0.0108368951
2,0.0
11,0.027640296
26,0.0179977778
15,0.0251685226
18,0.0
2,0.0219986755
26,0.0605262593
26,0.0050241798
27,0.0
3,0.0310783273
4,0.0278545697
28,0.1080824778
29,0.0853740247
12,0.1193255217
24,0.043913516
2,0.0007910436
11,0.0234170644
30,0.0
15,0.033324387
31,0.0
4,0.0380309642
32,0.0543235248
33,0.0559933805
34,0.0
35,0.0086987842
36,0.0540798894
37,0.0334037275
2,0.0041079511
2,0.0189293433
20,0.0118374561
38,0.0
15,0.0
15,0.0413391033
4,0.0088507419
2,0.006043532
2,0.0
2,0.0
39,0.0579198161
15,0.0050931071
15,0.0
15,0.0311397335
4,0.001870037
2,0.0020938645
2,0.0
2,0.0
40,0.0
41,0.0
40,0.0
40,0.0
42,0.0397210412
40,0.0
40,0.07214675
4,0.0
2,0.0001648452
2,0.0076584013
43,0.059594245
43,0.0319497431
44,0.0089845288
44,0.0850523106
45,0.059065732
46,0.0670871317
47,0.0551294085
48,0.0
4,0.032737168
4,0.0
49,0.2165387746
15,0.0103968515
15,0.0
4,0.0165474573
50,0.0757850463
13,0.0127407164
20,0.0082956601
20,0.0223345175
51,0.1144076542
52,0.0366356984
15,0.0754103545
15,0.0489230358
15,0.0497701779
2,0.0029725781
2,0.0032006779
11,0.0259282475
53,0.0
54,0.022718276
15,0.0
0,0.0273126543
0,0.102640822
55,0.0929379076
55,0.0971093064
0,0.1000841908
56,0.0
13,0.0
20,0.0011945113
20,0.0120264858
11,0.0084401857
53,0.0195716267
11,0.0351654695
15,0.0461070869
15,0.0473864233
57,0.1663877992
4,0.0
49,0.2029732766
58,0.0811838799
59,0.0
2,0.0
2,0.0
13,0.0099497938
11,0.0001110129
11,0.015326772
53,0.0
60,0.0
0,0.0
17,0.0392162308
61,0.0922080575
0,0.0
15,0.0082319297
62,0.0227690595
15,0.0
15,0.0446054268
63,0.0
4,0.0538400204
58,0.042632682
59,0.0032185248
2,0.0
2,0.0
13,0.0099497938
11,0.0001110129
11,0.015326772
53,0.0
60,0.0
0,0.0
17,0.0392162308
61,0.0922080575
0,0.0
15,0.0082319297
62,0.0227690595
15,0.0
15,0.0446054268
63,0.0
4,0.0538400204
58,0.042632682
59,0.0032185248
64,0.0179010936
13,0.0
13,0.0
20,0.0106505475
11,0.0159510411
11,0.0063250473
53,0.0468791681
65,0.0
65,0.0374320493
25,0.0608598061
15,0.0
15,0.0
4,0.0
49,0.0
58,0.0
59,0.0
64,0.0
64,0.0
2,0.0
2,0.0017175589
13,0.0
45,0.053060577
66,0.0385138567
45,0.0599382781
67,0.0438458788
68,0.0351294326
69,0.0024578
15,0.0194757034
4,0.0
70,0.0125640314
70,0.0358272492
47,0.0
71,0.0197120965
15,0.0066957797
4,0.0179914977
58,0.1931784128
59,0.0
0,0.060943594
15,0.0018589221
15,0.0534066839
4,0.0119588664
4,0.0
56,0.0049780313
72,0.0
56,0.0467886757
15,0.0679487406
73,0.0635059844
0,0.0
56,0.0210025365
74,0.0
64,0.0
11,0.0352661127
53,0.0191216687
75,0.0
15,0.0577267231
76,0.0576314137
77,0.1003126954
75,0.1590298742
25,0.0231693067
15,0.0420761833
78,0.0469272933
25,0.0414665022
45,0.0171437935
63,0.1639811106
64,0.0043657302
20,0.0160748328
79,0.0016684271
79,0.1123234426
53,0.0215217953
38,0.0
15,0.0
15,0.0
80,0.0615046812
81,0.094465398
80,0.1483203105
49,0.0
58,0.0
64,0.0
13,0.015343077
79,0.0
79,0.0990005637
82,0.0125497183
15,0.0844034033
83,0.0156935713
84,0.0738650114
58,0.1849568868
85,0.0233473795
13,0.0027106076
79,0.111074128
71,0.0
71,0.0691278629
86,0.0755034697
4,0.0163611882
49,0.2045417326
58,0.0
59,0.0
43,0.018415093
87,0.0289291893
4,0.012801318
63,0.069636296
58,0.1862173565
88,0.0
4,0.0
89,0.0056700563
77,0.1061778593
90,0.002117095
37,0.0
91,0.0043551202
58,0.0
20,0.0330818708
11,0.0180442871
61,0.0
92,0.0
93,0.0
58,0.0
64,0.0
94,0.0108338224
15,0.0008850535
95,0.0326923305
96,0.0211498662
34,0.0
97,0.0666594285
84,0.0371445756
98,0.0603637302
13,0.0162935071
13,0.0
86,0.0
68,0.0
99,0.0886311113
2,0.0010144283
2,0.0
2,0.0034692605
13,0.0
13,0.0
13,0.0
20,0.0116596241
100,0.0617074074
43,0.0861963749
43,0.0266443372
101,0.0535451322
43,0.0416355331
102,0.0
102,0.044780733
13,0.0
103,0.0
104,0.0
105,0.0108842046
15,0.0488208292
106,0.0339118437
107,0.0811386655
103,0.0
108,0.0395345161
70,0.0269625306
109,0.0162628592
64,0.0
2,0.0
13,0.0115635605
11,0.0143666486
77,3.83844503554e-05
110,0.1411277781
78,0.0
111,0.0432756707
15,0.0580330899
63,0.0
64,0.0054724314
110,0.0
110,0.1408304734
60,0.0
15,0.0397961042
26,0.0165035401
112,0.0402124014
15,0.0826844322
113,0.0
93,0.0930416469
103,0.0
49,0.0
11,0.0017964046
114,0.0
115,0.0
116,0.0
114,0.0473465064
15,0.0
117,0.0
104,0.0781746452
118,0.0370227319
82,0.0180673298
63,0.1861400614
119,0.0
68,0.0
26,0.063608533
120,0.1393004764
2,0.0
13,0.0197669514
121,0.0
71,0.0
71,0.0536387234
122,0.0194710096
123,0.0901499312
3,0.0
4,0.0
63,0.0
105,0.0550279282
124,0.0253730784
120,0.0
125,0.0484800504
120,0.1330903366
124,0.0328920149
109,0.019207036
64,0.0
85,0.0
20,0.0
102,0.0744348535
15,0.0689635161
26,0.0294083016
87,0.030133081
20,0.0507860125
15,0.0040631773
15,0.0364135069
103,0.0105150261
126,0.0
15,0.0202229776
15,0.0711844476
126,0.0
15,0.0166974103
4,0.0368723818
4,0.068377399
