0,0,0.043183551
1,1,0.0547314262
1,1,0.0607715049
2,2,0.0722002936
3,3,0.0
4,2,0.0408443363
5,2,0.0
6,2,0.0
7,4,0.06888469
8,1,0.0
7,4,0.0192140741
4,2,0.0019063463
7,4,0.0
7,4,0.1329214582
9,5,0.1055473882
10,1,0.1248089718
2,2,0.0
11,2,0.0440546857
12,6,0.0233071079
13,2,0.0117008222
14,6,0.0411820233
15,2,5.06456475975e-06
16,6,0.0258336515
17,2,0.0353464346
18,7,0.0
4,2,0.0
15,2,0.003786059
19,3,0.0211553024
3,3,0.0229338675
20,2,0.0080106192
21,4,0.0081551658
8,1,0.1754881419
22,4,0.0
4,2,0.0107058423
23,4,0.0841127117
10,1,0.0
23,4,0.0157179008
11,2,7.48011142525e-05
11,2,0.0283958717
24,7,0.0
25,8,0.0108368951
2,2,0.0
11,2,0.027640296
26,3,0.0179977778
15,2,0.0251685226
18,7,0.0
2,2,0.0219986755
26,3,0.0605262593
26,3,0.0050241798
27,9,0.0
3,3,0.0310783273
4,2,0.0278545697
28,6,0.1080824778
29,6,0.0853740247
12,6,0.1193255217
24,7,0.043913516
2,2,0.0007910436
11,2,0.0234170644
30,6,0.0
15,2,0.033324387
31,10,0.0
4,2,0.0380309642
32,10,0.0543235248
33,6,0.0559933805
34,11,0.0
0,10,0.0086987842
35,12,0.0540798894
36,10,0.0334037275
2,2,0.0041079511
2,2,0.0189293433
20,2,0.0118374561
37,12,0.0
15,2,0.0
15,2,0.0413391033
4,2,0.0088507419
2,2,0.006043532
2,2,0.0
2,2,0.0
38,13,0.0579198161
15,2,0.0050931071
15,2,0.0
15,2,0.0311397335
4,2,0.001870037
2,2,0.0020938645
2,2,0.0
2,2,0.0
39,2,0.0
40,10,0.0
39,2,0.0
39,2,0.0
41,11,0.0397210412
39,2,0.0
39,2,0.07214675
4,2,0.0
2,2,0.0001648452
2,2,0.0076584013
42,12,0.059594245
42,12,0.0319497431
43,2,0.0089845288
43,2,0.0850523106
44,12,0.059065732
45,14,0.0670871317
46,11,0.0551294085
47,13,0.0
4,2,0.032737168
4,2,0.0
48,14,0.2165387746
15,2,0.0103968515
15,2,0.0
4,2,0.0165474573
49,10,0.0757850463
13,2,0.0127407164
20,2,0.0082956601
20,2,0.0223345175
50,6,0.1144076542
51,1,0.0366356984
15,2,0.0754103545
15,2,0.0489230358
15,2,0.0497701779
2,2,0.0029725781
2,2,0.0032006779
11,2,0.0259282475
52,2,0.0
53,7,0.022718276
15,2,0.0
0,0,0.0273126543
0,0,0.102640822
54,15,0.0929379076
54,15,0.0971093064
0,0,0.1000841908
55,15,0.0
13,2,0.0
20,2,0.0011945113
20,2,0.0120264858
11,2,0.0084401857
52,2,0.0195716267
11,2,0.0351654695
15,2,0.0461070869
15,2,0.0473864233
56,7,0.1663877992
4,2,0.0
48,14,0.2029732766
57,14,0.0811838799
58,14,0.0
2,2,0.0
2,2,0.0
13,2,0.0099497938
11,2,0.0001110129
11,2,0.015326772
52,2,0.0
59,11,0.0
0,0,0.0
17,2,0.0392162308
60,13,0.0922080575
0,0,0.0
15,2,0.0082319297
61,11,0.0227690595
15,2,0.0
15,2,0.0446054268
62,11,0.0
4,2,0.0538400204
57,14,0.042632682
58,14,0.0032185248
2,2,0.0
2,2,0.0
13,2,0.0099497938
11,2,0.0001110129
11,2,0.015326772
52,2,0.0
59,11,0.0
0,0,0.0
17,2,0.0392162308
60,13,0.0922080575
0,0,0.0
15,2,0.0082319297
61,11,0.0227690595
15,2,0.0
15,2,0.0446054268
62,11,0.0
4,2,0.0538400204
57,14,0.042632682
58,14,0.0032185248
63,11,0.0179010936
13,2,0.0
13,2,0.0
20,2,0.0106505475
11,2,0.0159510411
11,2,0.0063250473
52,2,0.0468791681
64,11,0.0
64,11,0.0374320493
25,8,0.0608598061
15,2,0.0
15,2,0.0
4,2,0.0
48,14,0.0
57,14,0.0
58,14,0.0
63,11,0.0
63,11,0.0
2,2,0.0
2,2,0.0017175589
13,2,0.0
44,12,0.053060577
65,0,0.0385138567
44,12,0.0599382781
66,2,0.0438458788
67,11,0.0351294326
68,11,0.0024578
15,2,0.0194757034
4,2,0.0
69,11,0.0125640314
69,11,0.0358272492
46,11,0.0
70,2,0.0197120965
15,2,0.0066957797
4,2,0.0179914977
57,14,0.1931784128
58,14,0.0
0,0,0.060943594
15,2,0.0018589221
15,2,0.0534066839
4,2,0.0119588664
4,2,0.0
55,15,0.0049780313
71,11,0.0
55,15,0.0467886757
15,2,0.0679487406
72,11,0.0635059844
0,0,0.0
55,15,0.0210025365
73,11,0.0
63,11,0.0
11,2,0.0352661127
52,2,0.0191216687
74,13,0.0
15,2,0.0577267231
75,10,0.0576314137
76,12,0.1003126954
74,13,0.1590298742
25,8,0.0231693067
15,2,0.0420761833
77,14,0.0469272933
25,8,0.0414665022
44,12,0.0171437935
62,11,0.1639811106
63,11,0.0043657302
20,2,0.0160748328
78,2,0.0016684271
78,2,0.1123234426
52,2,0.0215217953
37,12,0.0
15,2,0.0
15,2,0.0
79,11,0.0615046812
80,10,0.094465398
79,11,0.1483203105
48,14,0.0
57,14,0.0
63,11,0.0
13,2,0.015343077
78,2,0.0
78,2,0.0990005637
81,11,0.0125497183
15,2,0.0844034033
82,2,0.0156935713
83,10,0.0738650114
57,14,0.1849568868
84,14,0.0233473795
13,2,0.0027106076
78,2,0.111074128
70,2,0.0
70,2,0.0691278629
85,11,0.0755034697
4,2,0.0163611882
48,14,0.2045417326
57,14,0.0
58,14,0.0
42,12,0.018415093
86,16,0.0289291893
4,2,0.012801318
62,11,0.069636296
57,14,0.1862173565
87,11,0.0
4,2,0.0
88,16,0.0056700563
76,12,0.1061778593
89,10,0.002117095
36,10,0.0
90,11,0.0043551202
57,14,0.0
20,2,0.0330818708
11,2,0.0180442871
60,13,0.0
91,13,0.0
92,11,0.0
57,14,0.0
63,11,0.0
93,13,0.0108338224
15,2,0.0008850535
94,13,0.0326923305
95,11,0.0211498662
34,11,0.0
96,14,0.0666594285
83,10,0.0371445756
97,2,0.0603637302
13,2,0.0162935071
13,2,0.0
85,11,0.0
67,11,0.0
98,2,0.0886311113
2,2,0.0010144283
2,2,0.0
2,2,0.0034692605
13,2,0.0
13,2,0.0
13,2,0.0
20,2,0.0116596241
99,16,0.0617074074
42,12,0.0861963749
42,12,0.0266443372
100,13,0.0535451322
42,12,0.0416355331
101,16,0.0
101,16,0.044780733
13,2,0.0
102,16,0.0
103,16,0.0
104,16,0.0108842046
15,2,0.0488208292
105,3,0.0339118437
106,11,0.0811386655
102,16,0.0
107,16,0.0395345161
69,11,0.0269625306
108,16,0.0162628592
63,11,0.0
2,2,0.0
13,2,0.0115635605
11,2,0.0143666486
76,12,3.83844503554e-05
109,2,0.1411277781
77,14,0.0
110,10,0.0432756707
15,2,0.0580330899
62,11,0.0
63,11,0.0054724314
109,2,0.0
109,2,0.1408304734
59,11,0.0
15,2,0.0397961042
26,3,0.0165035401
111,11,0.0402124014
15,2,0.0826844322
112,10,0.0
92,11,0.0930416469
102,16,0.0
48,14,0.0
11,2,0.0017964046
113,10,0.0
114,11,0.0
115,12,0.0
113,10,0.0473465064
15,2,0.0
116,10,0.0
103,16,0.0781746452
117,3,0.0370227319
81,11,0.0180673298
62,11,0.1861400614
118,16,0.0
67,11,0.0
26,3,0.063608533
119,2,0.1393004764
2,2,0.0
13,2,0.0197669514
120,16,0.0
70,2,0.0
70,2,0.0536387234
121,11,0.0194710096
122,11,0.0901499312
3,3,0.0
4,2,0.0
62,11,0.0
104,16,0.0550279282
123,3,0.0253730784
119,2,0.0
124,4,0.0484800504
119,2,0.1330903366
123,3,0.0328920149
108,16,0.019207036
63,11,0.0
84,14,0.0
20,2,0.0
101,16,0.0744348535
15,2,0.0689635161
26,3,0.0294083016
86,16,0.030133081
20,2,0.0507860125
15,2,0.0040631773
15,2,0.0364135069
102,16,0.0105150261
125,17,0.0
15,2,0.0202229776
15,2,0.0711844476
125,17,0.0
15,2,0.0166974103
4,2,0.0368723818
4,2,0.068377399
